282279370,264248099,249475028,236586000,224951472,214225669,204197134,194727106,185719950,177107390,
168839420,160878723,153197081,145772965,138589868,131635101,124898924,118373882,112054300,105935895,
100015459,94290610,88759589,83421092,78274127,73317906,68551737,63974951,59586826,55386532,
51373081,47545285,43901723,40440713,37160293,34058199,31131856,28378371,25795141,23377360,
21121821,19024347,17080457,15285753,13635650,12123023,10744795,9492200,8362407,7346673,
6446990,5642460,4931965,4317378,3781816,3322317,2929812,2599460,2323109,2093429,
1909639,1756910,1644820,1565865,1500943,1454912,1433390,1412107,1393279,1377578,
1362608,1360950,1358312,1347783,1346920,1333507,1335497,1329423,1356558,1365285,
1380793,1370329,1362650,1356460,1351216,1346567,1342376,1338512,1334974,1331634,
1328520,1325592,1322785,1320142,1317575,1315137,1312816,1310609,1308387,1306189,
